2
80
0 "Grand Theft Auto V"
1 "The Witcher 3: Wild Hunt"
2 "Portal 2"
3 "Counter-Strike: Global Offensive"
4 "Tomb Raider (2013)"
5 "Portal"
6 "Left 4 Dead 2"
7 "The Elder Scrolls V: Skyrim"
8 "Red Dead Redemption 2"
9 "BioShock Infinite"
10 "Half-Life 2"
11 "Borderlands 2"
12 "Life is Strange"
13 "BioShock"
14 "Destiny 2"
15 "God of War (2018)"
16 "Fallout 4"
17 "PAYDAY 2"
18 "Limbo"
19 "Team Fortress 2"
20 "DOOM (2016)"
21 "Cyberpunk 2077"
22 "Terraria"
23 "Dota 2"
24 "Warframe"
25 "Grand Theft Auto IV"
26 "Rocket League"
27 "Horizon Zero Dawn"
28 "Metro 2033"
29 "Rise of the Tomb Raider"
30 "Batman: Arkham Knight"
31 "Metal Gear Solid V: The Phantom Pain"
32 "The Witcher 2: Assassins of Kings Enhanced Edition"
33 "Apex Legends"
34 "Grand Theft Auto: San Andreas"
35 "The Witcher: Enhanced Edition Director's Cut"
36 "Hollow Knight"
37 "Middle-earth: Shadow of Mordor"
38 "Half-Life 2: Lost Coast"
39 "The Walking Dead: Season 1"
40 "Little Nightmares"
41 "BioShock 2"
42 "Half-Life"
43 "Half-Life 2: Episode One"
44 "Half-Life 2: Episode Two"
45 "Half-Life 2: Deathmatch"
46 "Dark Souls III"
47 "Stardew Valley"
48 "BioShock Remastered"
49 "Mirror's Edge"
50 "Hitman"
51 "Hotline Miami"
52 "Outlast"
53 "Deus Ex: Mankind Divided"
54 "Far Cry 3"
55 "PlayerUnknown’s Battlegrounds"
56 "Path of Exile"
57 "Alan Wake"
58 "Garry's Mod"
59 "Amnesia: The Dark Descent"
60 "Wolfenstein: The New Order"
61 "Half-Life Deathmatch: Source"
62 "Spec Ops: The Line"
63 "Marvel's Spider-Man"
64 "Saints Row: The Third"
65 "Detroit: Become Human"
66 "Prey"
67 "Fallout: New Vegas"
68 "Borderlands"
69 "The Elder Scrolls V: Skyrim Special Edition"
70 "Dishonored 2"
71 "Don't Starve Together"
72 "Dishonored"
73 "Company of Heroes 2"
74 "Hellblade: Senua's Sacrifice"
75 "Injustice: Gods Among Us Ultimate Edition"
76 "Grand Theft Auto: Vice City"
77 "Sid Meier's Civilization V"
78 "Hitman: Absolution"
79 "Super Meat Boy"
3129
0 1 8
0 2 10
0 3 7
0 4 7
0 5 7
0 6 8
0 7 10
0 8 11
0 9 7
0 10 8
0 11 11
0 12 5
0 13 5
0 14 9
0 15 6
0 16 11
0 17 10
0 18 3
0 19 8
0 20 7
0 21 8
0 22 9
0 23 4
0 24 7
0 25 12
0 26 8
0 27 6
0 28 6
0 29 9
0 30 7
0 31 10
0 32 6
0 33 5
0 34 11
0 35 6
0 36 6
0 37 8
0 38 5
0 39 4
0 40 6
0 41 8
0 42 8
0 43 6
0 44 6
0 45 6
0 46 11
0 47 9
0 48 7
0 49 5
0 50 9
0 51 4
0 52 5
0 53 8
0 54 9
0 55 6
0 56 6
0 57 8
0 58 10
0 59 6
0 60 6
0 61 2
0 62 9
0 63 3
0 64 13
0 65 6
0 66 8
0 67 9
0 68 10
0 69 9
0 70 7
0 71 9
0 72 7
0 73 7
0 74 5
0 75 6
0 76 11
0 77 7
0 78 6
0 79 6
1 2 4
1 3 1
1 4 5
1 5 4
1 6 2
1 7 13
1 8 8
1 9 7
1 10 4
1 11 6
1 12 9
1 13 7
1 14 5
1 15 8
1 16 10
1 17 3
1 18 6
1 20 3
1 21 10
1 22 7
1 23 3
1 24 3
1 25 5
1 26 3
1 27 8
1 28 6
1 29 8
1 30 9
1 31 9
1 32 15
1 33 3
1 34 8
1 35 16
1 36 9
1 37 12
1 38 3
1 39 7
1 40 8
1 41 8
1 42 4
1 43 4
1 44 4
1 45 1
1 46 10
1 47 6
1 48 7
1 49 4
1 50 9
1 51 4
1 52 6
1 53 8
1 54 7
1 55 1
1 56 5
1 57 9
1 58 2
1 59 6
1 60 4
1 62 8
1 63 3
1 64 6
1 65 8
1 66 7
1 67 8
1 68 4
1 69 9
1 70 7
1 71 5
1 72 10
1 73 3
1 74 8
1 75 5
1 76 7
1 77 2
1 78 4
1 79 3
2 3 11
2 4 5
2 5 14
2 6 16
2 7 8
2 8 8
2 9 10
2 10 11
2 11 14
2 12 6
2 13 6
2 14 11
2 15 6
2 16 9
2 17 11
2 18 3
2 19 15
2 20 8
2 21 6
2 22 9
2 23 6
2 24 9
2 25 6
2 26 13
2 27 5
2 28 9
2 29 8
2 30 7
2 31 10
2 32 6
2 33 8
2 34 6
2 35 4
2 36 7
2 37 7
2 38 7
2 39 4
2 40 8
2 41 9
2 42 8
2 43 11
2 44 12
2 45 8
2 46 9
2 47 7
2 48 10
2 49 6
2 50 4
2 51 4
2 52 10
2 53 7
2 54 9
2 55 6
2 56 7
2 57 7
2 58 14
2 59 7
2 60 8
2 61 4
2 62 9
2 63 2
2 64 8
2 65 8
2 66 11
2 67 7
2 68 13
2 69 7
2 70 9
2 71 11
2 72 9
2 73 11
2 74 8
2 75 8
2 76 4
2 77 7
2 78 4
2 79 6
3 4 2
3 5 3
3 6 15
3 7 5
3 8 8
3 9 5
3 10 6
3 11 8
3 12 2
3 13 2
3 14 8
3 15 2
3 16 4
3 17 12
3 18 1
3 19 17
3 20 6
3 21 2
3 22 6
3 23 12
3 24 7
3 25 4
3 26 12
3 28 4
3 29 3
3 30 3
3 31 5
3 32 2
3 33 9
3 34 2
3 36 3
3 37 3
3 38 3
3 39 1
3 40 3
3 41 5
3 42 5
3 43 5
3 44 5
3 45 7
3 46 7
3 47 4
3 48 4
3 49 2
3 50 2
3 51 3
3 52 5
3 53 3
3 54 6
3 55 8
3 56 7
3 57 3
3 58 10
3 59 3
3 60 5
3 61 4
3 62 7
3 64 4
3 65 2
3 66 5
3 67 4
3 68 7
3 69 3
3 70 4
3 71 7
3 72 4
3 73 11
3 74 4
3 75 5
3 76 2
3 77 7
3 78 2
3 79 4
4 5 4
4 6 3
4 7 4
4 8 7
4 9 4
4 10 4
4 11 5
4 12 5
4 13 4
4 14 6
4 15 7
4 16 7
4 17 4
4 18 5
4 19 1
4 20 4
4 21 6
4 22 6
4 23 2
4 24 5
4 25 6
4 26 3
4 27 8
4 28 4
4 29 12
4 30 5
4 31 8
4 32 4
4 33 6
4 34 5
4 35 5
4 36 4
4 37 6
4 38 4
4 39 5
4 40 6
4 41 5
4 42 5
4 43 4
4 44 4
4 45 2
4 46 7
4 47 5
4 48 5
4 49 5
4 50 6
4 51 3
4 52 4
4 53 6
4 54 5
4 55 2
4 56 3
4 57 6
4 58 2
4 59 6
4 60 4
4 61 2
4 62 6
4 63 5
4 64 6
4 65 8
4 66 6
4 67 5
4 68 3
4 69 7
4 70 6
4 71 4
4 72 5
4 73 3
4 74 6
4 75 4
4 76 6
4 77 3
4 78 7
4 79 3
5 6 7
5 7 7
5 8 7
5 9 8
5 10 13
5 11 8
5 12 6
5 13 9
5 14 6
5 15 4
5 16 8
5 17 6
5 18 4
5 19 9
5 20 8
5 21 7
5 22 3
5 24 4
5 25 6
5 26 4
5 27 6
5 28 8
5 29 6
5 30 4
5 31 7
5 32 5
5 33 4
5 34 8
5 35 5
5 36 5
5 37 4
5 38 9
5 39 3
5 40 7
5 41 8
5 42 9
5 43 14
5 44 13
5 45 7
5 46 5
5 47 5
5 48 10
5 49 9
5 50 4
5 51 5
5 52 7
5 53 7
5 54 6
5 55 2
5 56 2
5 57 5
5 58 9
5 59 8
5 60 9
5 61 4
5 62 5
5 63 2
5 64 6
5 65 7
5 66 8
5 67 8
5 68 9
5 69 9
5 70 7
5 71 3
5 72 7
5 73 4
5 74 5
5 75 5
5 76 6
5 77 4
5 78 4
5 79 5
6 7 7
6 8 7
6 9 8
6 10 12
6 11 10
6 12 3
6 13 4
6 14 8
6 15 5
6 16 8
6 17 12
6 18 3
6 19 16
6 20 9
6 21 3
6 22 10
6 23 9
6 24 7
6 25 6
6 26 13
6 27 2
6 28 10
6 29 6
6 30 6
6 31 9
6 32 4
6 33 9
6 34 3
6 35 2
6 36 5
6 37 6
6 38 5
6 39 7
6 40 7
6 41 7
6 42 6
6 43 11
6 44 13
6 45 7
6 46 9
6 47 6
6 48 8
6 49 3
6 50 3
6 51 4
6 52 12
6 53 4
6 54 8
6 55 8
6 56 7
6 57 8
6 58 13
6 59 9
6 60 7
6 61 5
6 62 9
6 63 1
6 64 6
6 65 5
6 66 9
6 67 7
6 68 12
6 69 5
6 70 7
6 71 12
6 72 7
6 73 11
6 74 6
6 75 7
6 76 3
6 77 10
6 78 4
6 79 6
7 8 9
7 9 10
7 10 10
7 11 8
7 12 6
7 13 8
7 14 6
7 15 9
7 16 12
7 17 5
7 18 3
7 19 6
7 20 5
7 21 10
7 22 9
7 23 6
7 24 6
7 25 7
7 26 6
7 27 10
7 28 7
7 29 10
7 30 9
7 31 10
7 32 14
7 33 3
7 34 9
7 35 13
7 36 9
7 37 15
7 38 4
7 39 4
7 40 8
7 41 8
7 42 6
7 43 9
7 44 8
7 45 2
7 46 13
7 47 11
7 48 8
7 49 5
7 50 7
7 51 6
7 52 6
7 53 8
7 54 8
7 55 2
7 56 8
7 57 9
7 58 8
7 59 6
7 60 7
7 61 1
7 62 7
7 63 3
7 64 8
7 65 7
7 66 10
7 67 13
7 68 8
7 69 16
7 70 10
7 71 6
7 72 10
7 73 7
7 74 9
7 75 7
7 76 8
7 77 6
7 78 5
7 79 4
8 9 7
8 10 8
8 11 7
8 12 5
8 13 7
8 14 13
8 15 9
8 16 11
8 17 9
8 18 3
8 19 7
8 20 10
8 21 17
8 22 8
8 23 5
8 24 9
8 25 11
8 26 5
8 27 10
8 28 6
8 29 8
8 30 7
8 31 10
8 32 7
8 33 9
8 34 11
8 35 7
8 36 6
8 37 7
8 38 6
8 39 6
8 40 5
8 41 7
8 42 7
8 43 8
8 44 8
8 45 5
8 46 10
8 47 8
8 48 6
8 49 5
8 50 9
8 51 6
8 52 5
8 53 8
8 54 12
8 55 9
8 56 5
8 57 8
8 58 7
8 59 6
8 60 10
8 61 3
8 62 9
8 63 7
8 64 11
8 65 11
8 66 9
8 67 11
8 68 9
8 69 8
8 70 8
8 71 7
8 72 6
8 73 7
8 74 7
8 75 6
8 76 12
8 77 5
8 78 9
8 79 3
9 10 11
9 11 9
9 12 7
9 13 12
9 14 7
9 15 9
9 16 11
9 17 7
9 18 5
9 19 4
9 20 7
9 21 8
9 22 7
9 23 3
9 24 5
9 25 3
9 26 6
9 27 6
9 28 11
9 29 9
9 30 7
9 31 9
9 32 8
9 33 5
9 34 4
9 35 7
9 36 9
9 37 10
9 38 7
9 39 5
9 40 8
9 41 13
9 42 8
9 43 10
9 44 10
9 45 4
9 46 8
9 47 7
9 48 14
9 49 7
9 50 5
9 51 6
9 52 10
9 53 10
9 54 6
9 55 2
9 56 5
9 57 8
9 58 6
9 59 6
9 60 11
9 61 3
9 62 8
9 63 2
9 64 3
9 65 8
9 66 12
9 67 8
9 68 8
9 69 9
9 70 12
9 71 4
9 72 13
9 73 6
9 74 8
9 75 10
9 76 3
9 77 5
9 78 5
9 79 7
10 11 8
10 12 5
10 13 11
10 14 8
10 15 5
10 16 9
10 17 7
10 18 4
10 19 8
10 20 11
10 21 7
10 22 6
10 23 2
10 24 6
10 25 6
10 26 6
10 27 5
10 28 10
10 29 7
10 30 7
10 31 10
10 32 7
10 33 5
10 34 8
10 35 6
10 36 7
10 37 6
10 38 11
10 39 5
10 40 8
10 41 11
10 42 13
10 43 18
10 44 19
10 45 7
10 46 8
10 47 8
10 48 12
10 49 8
10 50 4
10 51 6
10 52 10
10 53 8
10 54 7
10 55 3
10 56 4
10 57 8
10 58 11
10 59 9
10 60 12
10 61 6
10 62 8
10 63 2
10 64 5
10 65 7
10 66 12
10 67 9
10 68 8
10 69 10
10 70 9
10 71 5
10 72 9
10 73 7
10 74 7
10 75 8
10 76 7
10 77 8
10 78 5
10 79 4
11 12 5
11 13 6
11 14 12
11 15 7
11 16 10
11 17 10
11 18 3
11 19 9
11 20 8
11 21 8
11 22 11
11 23 7
11 24 10
11 25 8
11 26 10
11 27 7
11 28 7
11 29 8
11 30 7
11 31 9
11 32 7
11 33 7
11 34 6
11 35 6
11 36 7
11 37 9
11 38 6
11 39 3
11 40 6
11 41 9
11 42 6
11 43 6
11 44 7
11 45 7
11 46 11
11 47 9
11 48 8
11 49 6
11 50 4
11 51 4
11 52 8
11 53 8
11 54 9
11 55 6
11 56 10
11 57 7
11 58 10
11 59 3
11 60 6
11 61 3
11 62 7
11 63 3
11 64 9
11 65 7
11 66 11
11 67 8
11 68 16
11 69 6
11 70 7
11 71 10
11 72 9
11 73 9
11 74 6
11 75 7
11 76 5
11 77 7
11 78 3
11 79 6
12 13 5
12 14 5
12 15 5
12 16 6
12 17 4
12 18 5
12 19 1
12 20 4
12 21 5
12 22 4
12 23 1
12 24 3
12 25 3
12 26 4
12 27 6
12 28 6
12 29 8
12 30 7
12 31 8
12 32 8
12 33 3
12 34 5
12 35 7
12 36 7
12 37 6
12 38 4
12 39 8
12 40 10
12 41 6
12 42 4
12 43 6
12 44 5
12 45 1
12 46 7
12 47 4
12 48 6
12 49 6
12 50 7
12 51 4
12 52 6
12 53 6
12 54 3
12 56 2
12 57 10
12 58 2
12 59 6
12 60 4
12 62 7
12 63 2
12 64 4
12 65 9
12 66 6
12 67 4
12 68 1
12 69 7
12 70 7
12 71 4
12 72 6
12 73 4
12 74 9
12 75 6
12 76 4
12 77 3
12 78 4
12 79 4
13 14 6
13 15 5
13 16 9
13 17 4
13 18 4
13 19 3
13 20 9
13 21 9
13 22 3
13 23 2
13 24 5
13 25 4
13 26 2
13 27 7
13 28 9
13 29 5
13 30 5
13 31 6
13 32 6
13 33 5
13 34 6
13 35 7
13 36 4
13 37 5
13 38 8
13 39 4
13 40 6
13 41 14
13 42 8
13 43 10
13 44 11
13 45 4
13 46 7
13 47 5
13 48 15
13 49 8
13 50 4
13 51 4
13 52 7
13 53 9
13 54 7
13 55 2
13 56 3
13 57 6
13 58 3
13 59 8
13 60 11
13 61 5
13 62 7
13 63 2
13 64 4
13 65 5
13 66 9
13 67 9
13 68 7
13 69 8
13 70 7
13 71 3
13 72 10
13 73 3
13 74 5
13 75 4
13 76 5
13 77 3
13 78 4
13 79 2
14 15 8
14 16 9
14 17 10
14 18 5
14 19 7
14 20 9
14 21 12
14 22 9
14 23 6
14 24 11
14 25 6
14 26 7
14 27 9
14 28 7
14 29 7
14 30 4
14 31 7
14 32 3
14 33 13
14 34 5
14 35 4
14 36 6
14 37 5
14 38 10
14 39 3
14 40 4
14 41 8
14 42 8
14 43 7
14 44 8
14 45 8
14 46 11
14 47 6
14 48 7
14 49 7
14 50 5
14 51 3
14 52 6
14 53 9
14 54 9
14 55 9
14 56 10
14 57 5
14 58 6
14 59 6
14 60 7
14 61 4
14 62 6
14 63 6
14 64 7
14 65 9
14 66 12
14 67 7
14 68 10
14 69 5
14 70 7
14 71 8
14 72 7
14 73 7
14 74 4
14 75 5
14 76 5
14 77 5
14 78 3
14 79 3
15 16 10
15 17 4
15 18 5
15 19 2
15 20 4
15 21 10
15 22 8
15 23 3
15 24 5
15 25 4
15 26 4
15 27 9
15 28 6
15 29 10
15 30 7
15 31 7
15 32 8
15 33 5
15 34 4
15 35 8
15 36 7
15 37 12
15 38 2
15 39 6
15 40 7
15 41 7
15 42 3
15 43 5
15 44 5
15 45 1
15 46 9
15 47 6
15 48 7
15 49 3
15 50 5
15 51 5
15 52 6
15 53 6
15 54 5
15 55 1
15 56 7
15 57 7
15 58 3
15 59 5
15 60 5
15 62 7
15 63 7
15 64 3
15 65 14
15 66 9
15 67 8
15 68 6
15 69 8
15 70 8
15 71 4
15 72 8
15 73 4
15 74 13
15 75 7
15 76 4
15 77 3
15 78 4
15 79 4
16 17 6
16 18 3
16 19 3
16 20 6
16 21 12
16 22 10
16 23 2
16 24 6
16 25 6
16 26 5
16 27 11
16 28 12
16 29 13
16 30 9
16 31 12
16 32 8
16 33 7
16 34 7
16 35 9
16 36 9
16 37 11
16 38 6
16 39 7
16 40 8
16 41 11
16 42 7
16 43 9
16 44 10
16 45 4
16 46 11
16 47 8
16 48 11
16 49 6
16 50 9
16 51 4
16 52 9
16 53 11
16 54 9
16 55 5
16 56 4
16 57 11
16 58 6
16 59 8
16 60 8
16 61 3
16 62 10
16 63 4
16 64 7
16 65 10
16 66 13
16 67 15
16 68 10
16 69 10
16 70 10
16 71 6
16 72 11
16 73 5
16 74 7
16 75 7
16 76 7
16 77 4
16 78 5
16 79 4
17 18 2
17 19 12
17 20 7
17 21 5
17 22 7
17 23 7
17 24 9
17 25 6
17 26 11
17 27 3
17 28 7
17 29 6
17 30 5
17 31 9
17 32 3
17 33 8
17 34 5
17 35 2
17 36 5
17 37 5
17 38 5
17 39 2
17 40 6
17 41 7
17 42 6
17 43 5
17 44 6
17 45 6
17 46 8
17 47 6
17 48 6
17 49 4
17 50 7
17 51 4
17 52 7
17 53 6
17 54 8
17 55 7
17 56 9
17 57 5
17 58 9
17 59 5
17 60 7
17 61 3
17 62 6
17 63 1
17 64 8
17 65 4
17 66 9
17 67 4
17 68 9
17 69 5
17 70 8
17 71 8
17 72 6
17 73 9
17 74 4
17 75 6
17 76 5
17 77 8
17 78 5
17 79 6
18 20 4
18 21 4
18 22 6
18 23 1
18 24 1
18 25 2
18 26 2
18 27 3
18 28 6
18 29 4
18 30 5
18 31 5
18 32 5
18 33 6
18 34 2
18 35 3
18 36 9
18 37 4
18 38 3
18 39 4
18 40 8
18 41 6
18 42 4
18 43 4
18 44 3
18 45 2
18 46 6
18 47 4
18 48 5
18 49 4
18 50 3
18 51 7
18 52 7
18 53 3
18 54 2
18 56 2
18 57 7
18 58 2
18 59 5
18 60 3
18 61 1
18 62 5
18 63 4
18 64 1
18 65 5
18 66 4
18 67 2
18 68 1
18 69 2
18 70 3
18 71 6
18 72 4
18 73 2
18 74 7
18 75 6
18 76 2
18 77 1
18 78 6
18 79 7
19 20 6
19 21 3
19 22 6
19 23 11
19 24 9
19 25 6
19 26 12
19 27 1
19 28 3
19 29 2
19 30 2
19 31 5
19 32 3
19 33 8
19 34 5
19 36 2
19 37 2
19 38 5
19 40 2
19 41 4
19 42 6
19 43 8
19 44 8
19 45 9
19 46 5
19 47 6
19 48 4
19 49 2
19 50 1
19 51 3
19 52 5
19 53 2
19 54 8
19 55 7
19 56 8
19 57 2
19 58 15
19 59 4
19 60 6
19 61 4
19 62 5
19 64 7
19 65 2
19 66 4
19 67 5
19 68 10
19 69 4
19 70 3
19 71 9
19 72 3
19 73 9
19 74 2
19 75 4
19 76 4
19 77 7
19 78 3
19 79 4
20 21 7
20 22 4
20 23 4
20 24 7
20 25 8
20 26 6
20 27 4
20 28 7
20 29 3
20 30 3
20 31 5
20 32 4
20 33 6
20 34 6
20 35 4
20 36 4
20 37 3
20 38 8
20 39 5
20 40 4
20 41 8
20 42 9
20 43 9
20 44 11
20 45 7
20 46 8
20 47 6
20 48 9
20 49 7
20 50 3
20 51 7
20 52 8
20 53 6
20 54 8
20 55 5
20 56 4
20 57 4
20 58 5
20 59 6
20 60 10
20 61 6
20 62 6
20 63 2
20 64 7
20 65 4
20 66 7
20 67 6
20 68 9
20 69 7
20 70 5
20 71 7
20 72 5
20 73 6
20 74 4
20 75 5
20 76 6
20 77 6
20 78 5
20 79 5
21 22 7
21 23 2
21 24 7
21 25 5
21 26 2
21 27 14
21 28 7
21 29 8
21 30 6
21 31 8
21 32 7
21 33 8
21 34 8
21 35 9
21 36 6
21 37 7
21 38 7
21 39 4
21 40 4
21 41 9
21 42 7
21 43 8
21 44 7
21 45 4
21 46 8
21 47 7
21 48 8
21 49 6
21 50 8
21 51 4
21 52 6
21 53 11
21 54 9
21 55 4
21 56 3
21 57 6
21 58 4
21 59 6
21 60 8
21 61 3
21 62 5
21 63 8
21 64 6
21 65 14
21 66 12
21 67 11
21 68 7
21 69 7
21 70 7
21 71 4
21 72 8
21 73 3
21 74 6
21 75 4
21 76 8
21 77 2
21 78 5
21 79 2
22 23 6
22 24 7
22 25 6
22 26 8
22 27 6
22 28 6
22 29 10
22 30 8
22 31 10
22 32 7
22 33 7
22 34 5
22 35 5
22 36 10
22 37 9
22 38 3
22 39 4
22 40 7
22 41 6
22 42 3
22 43 4
22 44 5
22 45 3
22 46 11
22 47 16
22 48 6
22 49 3
22 50 5
22 51 8
22 52 8
22 53 5
22 54 10
22 55 6
22 56 8
22 57 9
22 58 9
22 59 5
22 60 4
22 61 1
22 62 7
22 63 4
22 64 7
22 65 7
22 66 9
22 67 8
22 68 8
22 69 6
22 70 8
22 71 12
22 72 8
22 73 8
22 74 6
22 75 8
22 76 5
22 77 7
22 78 4
22 79 7
23 24 8
23 25 3
23 26 8
23 27 2
23 29 2
23 30 1
23 31 3
23 32 4
23 33 7
23 34 1
23 35 3
23 36 2
23 37 4
23 38 2
23 40 1
23 41 3
23 42 3
23 44 1
23 45 6
23 46 10
23 47 4
23 48 1
23 51 2
23 52 2
23 53 1
23 54 5
23 55 5
23 56 11
23 57 1
23 58 6
23 60 1
23 61 2
23 62 2
23 64 6
23 65 1
23 66 2
23 67 3
23 68 6
23 69 3
23 70 1
23 71 7
23 72 3
23 73 7
23 74 2
23 75 3
23 76 1
23 77 5
23 78 3
23 79 3
24 25 7
24 26 6
24 27 6
24 28 3
24 29 6
24 30 3
24 31 6
24 32 5
24 33 7
24 34 4
24 35 3
24 36 2
24 37 6
24 38 6
24 39 2
24 40 3
24 41 5
24 42 4
24 43 4
24 44 5
24 45 6
24 46 7
24 47 7
24 48 4
24 49 5
24 50 3
24 51 3
24 52 5
24 53 7
24 54 8
24 55 6
24 56 11
24 57 4
24 58 6
24 59 1
24 60 5
24 61 3
24 62 5
24 63 1
24 64 9
24 65 5
24 66 7
24 67 6
24 68 9
24 69 4
24 70 3
24 71 6
24 72 4
24 73 6
24 74 4
24 75 3
24 76 5
24 77 5
24 78 5
24 79 2
25 26 5
25 27 4
25 28 2
25 29 5
25 30 5
25 31 7
25 32 5
25 33 3
25 34 12
25 35 5
25 36 3
25 37 6
25 38 4
25 39 4
25 40 3
25 41 3
25 42 6
25 43 5
25 44 5
25 45 5
25 46 7
25 47 7
25 48 3
25 49 4
25 50 7
25 51 4
25 52 3
25 53 4
25 54 8
25 55 5
25 56 4
25 57 5
25 58 6
25 59 4
25 60 5
25 61 2
25 62 6
25 63 3
25 64 12
25 65 3
25 66 3
25 67 7
25 68 9
25 69 7
25 70 4
25 71 8
25 72 3
25 73 5
25 74 3
25 75 4
25 76 13
25 77 6
25 78 7
25 79 3
26 27 2
26 28 5
26 29 6
26 30 5
26 31 7
26 32 4
26 33 5
26 34 4
26 35 3
26 36 6
26 37 5
26 38 3
26 39 2
26 40 6
26 41 5
26 42 4
26 43 5
26 44 6
26 45 5
26 46 8
26 47 7
26 48 5
26 49 3
26 50 3
26 51 5
26 52 5
26 53 3
26 54 5
26 55 4
26 56 7
26 57 6
26 58 10
26 59 3
26 60 4
26 61 1
26 62 9
26 63 1
26 64 7
26 65 5
26 66 6
26 67 2
26 68 9
26 69 4
26 70 6
26 71 11
26 72 4
26 73 11
26 74 5
26 75 9
26 76 4
26 77 8
26 78 2
26 79 7
27 28 7
27 29 10
27 30 6
27 31 9
27 32 6
27 33 4
27 34 6
27 35 8
27 36 6
27 37 9
27 38 5
27 39 6
27 40 7
27 41 7
27 42 5
27 43 6
27 44 6
27 45 2
27 46 10
27 47 6
27 48 6
27 49 6
27 50 7
27 51 3
27 52 4
27 53 10
27 54 6
27 55 1
27 56 3
27 57 7
27 58 1
27 59 6
27 60 7
27 61 1
27 62 6
27 63 7
27 64 6
27 65 14
27 66 10
27 67 10
27 68 6
27 69 9
27 70 8
27 71 3
27 72 7
27 73 3
27 74 5
27 75 4
27 76 5
27 77 2
27 78 6
27 79 2
28 29 9
28 30 9
28 31 10
28 32 7
28 33 7
28 34 4
28 35 6
28 36 7
28 37 8
28 38 7
28 39 7
28 40 11
28 41 12
28 42 8
28 43 9
28 44 11
28 45 4
28 46 7
28 47 5
28 48 12
28 49 6
28 50 6
28 51 4
28 52 14
28 53 9
28 54 7
28 55 3
28 56 2
28 57 11
28 58 5
28 59 11
28 60 10
28 61 4
28 62 11
28 63 2
28 64 2
28 65 8
28 66 13
28 67 9
28 68 7
28 69 8
28 70 9
28 71 6
28 72 11
28 73 5
28 74 8
28 75 8
28 76 3
28 77 4
28 78 5
28 79 4
29 30 11
29 31 13
29 32 10
29 33 5
29 34 6
29 35 8
29 36 10
29 37 12
29 38 3
29 39 7
29 40 11
29 41 7
29 42 4
29 43 6
29 44 6
29 45 1
29 46 11
29 47 8
29 48 8
29 49 6
29 50 9
29 51 5
29 52 9
29 53 9
29 54 7
29 55 3
29 56 4
29 57 12
29 58 4
29 59 8
29 60 7
29 62 10
29 63 5
29 64 7
29 65 11
29 66 12
29 67 10
29 68 5
29 69 11
29 70 13
29 71 6
29 72 9
29 73 6
29 74 10
29 75 9
29 76 6
29 77 5
29 78 6
29 79 6
30 31 13
30 32 11
30 33 3
30 34 7
30 35 7
30 36 8
30 37 11
30 38 2
30 39 8
30 40 11
30 41 7
30 42 3
30 43 5
30 44 6
30 45 1
30 46 9
30 47 7
30 48 8
30 49 3
30 50 8
30 51 4
30 52 9
30 53 7
30 54 6
30 55 1
30 56 3
30 57 11
30 58 5
30 59 7
30 60 7
30 61 1
30 62 11
30 63 6
30 64 4
30 65 8
30 66 10
30 67 8
30 68 4
30 69 8
30 70 9
30 71 7
30 72 9
30 73 5
30 74 10
30 75 12
30 76 6
30 77 4
30 78 5
30 79 5
31 32 10
31 33 7
31 34 8
31 35 7
31 36 9
31 37 11
31 38 5
31 39 5
31 40 11
31 41 9
31 42 6
31 43 9
31 44 9
31 45 3
31 46 11
31 47 9
31 48 9
31 49 5
31 50 12
31 51 5
31 52 10
31 53 9
31 54 7
31 55 4
31 56 4
31 57 13
31 58 7
31 59 8
31 60 9
31 61 2
31 62 12
31 63 4
31 64 7
31 65 11
31 66 12
31 67 9
31 68 6
31 69 9
31 70 11
31 71 7
31 72 11
31 73 8
31 74 9
31 75 10
31 76 8
31 77 8
31 78 10
31 79 7
32 33 2
32 34 7
32 35 16
32 36 10
32 37 13
32 38 2
32 39 6
32 40 8
32 41 6
32 42 4
32 43 6
32 44 6
32 45 1
32 46 10
32 47 8
32 48 7
32 49 3
32 50 6
32 51 6
32 52 8
32 53 6
32 54 7
32 55 1
32 56 6
32 57 9
32 58 4
32 59 4
32 60 6
32 62 10
32 63 3
32 64 5
32 65 8
32 66 8
32 67 9
32 68 6
32 69 11
32 70 8
32 71 5
32 72 11
32 73 5
32 74 10
32 75 7
32 76 6
32 77 4
32 78 6
32 79 5
33 34 2
33 35 1
33 36 3
33 37 2
33 38 6
33 39 3
33 40 3
33 41 7
33 42 5
33 43 5
33 44 5
33 45 7
33 46 7
33 47 3
33 48 6
33 49 4
33 50 3
33 51 1
33 52 7
33 53 6
33 54 7
33 55 9
33 56 5
33 57 5
33 58 5
33 59 6
33 60 5
33 61 4
33 62 5
33 63 4
33 64 4
33 65 7
33 66 6
33 67 7
33 68 6
33 69 3
33 70 4
33 71 6
33 72 6
33 73 5
33 74 4
33 75 3
33 76 2
33 77 3
33 78 4
33 79 1
34 35 8
34 36 5
34 37 6
34 38 5
34 39 5
34 40 5
34 41 5
34 42 8
34 43 7
34 44 7
34 45 3
34 46 7
34 47 7
34 48 5
34 49 5
34 50 8
34 51 4
34 52 2
34 53 6
34 54 7
34 55 2
34 56 2
34 57 6
34 58 6
34 59 6
34 60 6
34 61 2
34 62 7
34 63 3
34 64 10
34 65 5
34 66 5
34 67 8
34 68 6
34 69 9
34 70 5
34 71 6
34 72 4
34 73 4
34 74 4
34 75 5
34 76 15
34 77 5
34 78 7
34 79 4
35 36 8
35 37 12
35 38 4
35 39 6
35 40 6
35 41 6
35 42 5
35 43 6
35 44 6
35 45 1
35 46 9
35 47 6
35 48 7
35 49 4
35 50 7
35 51 3
35 52 4
35 53 7
35 54 6
35 55 1
35 56 5
35 57 7
35 58 2
35 59 5
35 60 4
35 61 1
35 62 8
35 63 3
35 64 5
35 65 8
35 66 7
35 67 7
35 68 5
35 69 11
35 70 7
35 71 3
35 72 9
35 73 4
35 74 7
35 75 5
35 76 7
35 77 4
35 78 4
35 79 2
36 37 9
36 38 3
36 39 4
36 40 9
36 41 6
36 42 5
36 43 6
36 44 6
36 45 1
36 46 11
36 47 9
36 48 7
36 49 4
36 50 6
36 51 8
36 52 8
36 53 6
36 54 4
36 55 1
36 56 4
36 57 10
36 58 4
36 59 7
36 60 5
36 62 7
36 63 4
36 64 3
36 65 9
36 66 10
36 67 6
36 68 4
36 69 7
36 70 10
36 71 7
36 72 8
36 73 6
36 74 8
36 75 10
36 76 4
36 77 5
36 78 5
36 79 9
37 38 2
37 39 6
37 40 9
37 41 7
37 42 3
37 43 5
37 44 5
37 45 1
37 46 12
37 47 8
37 48 7
37 49 4
37 50 9
37 51 5
37 52 9
37 53 8
37 54 7
37 55 1
37 56 8
37 57 9
37 58 5
37 59 5
37 60 6
37 62 8
37 63 3
37 64 5
37 65 7
37 66 10
37 67 9
37 68 7
37 69 11
37 70 13
37 71 6
37 72 12
37 73 5
37 74 11
37 75 8
37 76 5
37 77 4
37 78 6
37 79 5
38 39 2
38 40 4
38 41 8
38 42 10
38 43 12
38 44 12
38 45 6
38 46 4
38 47 4
38 48 9
38 49 9
38 50 4
38 51 3
38 52 5
38 53 9
38 54 5
38 55 3
38 56 3
38 57 3
38 58 4
38 59 6
38 60 8
38 61 5
38 62 4
38 63 2
38 64 3
38 65 5
38 66 8
38 67 5
38 68 5
38 69 5
38 70 6
38 71 3
38 72 6
38 73 4
38 74 2
38 75 4
38 76 5
38 77 4
38 78 3
38 79 2
39 40 6
39 41 5
39 42 3
39 43 5
39 44 7
39 45 1
39 46 6
39 47 2
39 48 5
39 49 3
39 50 6
39 51 3
39 52 6
39 53 5
39 54 4
39 55 1
39 56 1
39 57 8
39 58 1
39 59 6
39 60 5
39 61 1
39 62 8
39 63 3
39 64 3
39 65 7
39 66 5
39 67 6
39 68 3
39 69 4
39 70 5
39 71 5
39 72 4
39 73 2
39 74 6
39 75 6
39 76 4
39 77 1
39 78 4
39 79 3
40 41 8
40 42 4
40 43 7
40 44 7
40 45 1
40 46 9
40 47 6
40 48 9
40 49 6
40 50 7
40 51 6
40 52 11
40 53 7
40 54 4
40 56 3
40 57 13
40 58 4
40 59 9
40 60 7
40 61 1
40 62 10
40 63 2
40 64 4
40 65 9
40 66 11
40 67 5
40 68 3
40 69 9
40 70 10
40 71 6
40 72 8
40 73 6
40 74 11
40 75 9
40 76 4
40 77 5
40 78 5
40 79 5
41 42 9
41 43 9
41 44 11
41 45 5
41 46 10
41 47 6
41 48 15
41 49 7
41 50 5
41 51 4
41 52 9
41 53 10
41 54 7
41 55 3
41 56 5
41 57 8
41 58 5
41 59 8
41 60 11
41 61 5
41 62 9
41 63 2
41 64 4
41 65 7
41 66 11
41 67 9
41 68 8
41 69 7
41 70 9
41 71 5
41 72 12
41 73 5
41 74 7
41 75 7
41 76 4
41 77 4
41 78 5
41 79 4
42 43 11
42 44 11
42 45 7
42 46 6
42 47 5
42 48 8
42 49 6
42 50 4
42 51 5
42 52 6
42 53 7
42 54 6
42 55 3
42 56 2
42 57 4
42 58 8
42 59 7
42 60 8
42 61 6
42 62 5
42 63 2
42 64 4
42 65 5
42 66 8
42 67 7
42 68 6
42 69 7
42 70 5
42 71 5
42 72 6
42 73 4
42 74 3
42 75 5
42 76 7
42 77 5
42 78 6
42 79 5
43 44 20
43 45 5
43 46 5
43 47 6
43 48 12
43 49 9
43 50 5
43 51 5
43 52 8
43 53 8
43 54 6
43 55 2
43 56 2
43 57 8
43 58 7
43 59 9
43 60 10
43 61 4
43 62 7
43 63 3
43 64 4
43 65 8
43 66 10
43 67 9
43 68 7
43 69 10
43 70 8
43 71 2
43 72 9
43 73 6
43 74 5
43 75 6
43 76 6
43 77 6
43 78 5
43 79 3
44 45 6
44 46 7
44 47 7
44 48 13
44 49 8
44 50 5
44 51 5
44 52 9
44 53 8
44 54 7
44 55 3
44 56 3
44 57 8
44 58 7
44 59 9
44 60 12
44 61 6
44 62 10
44 63 2
44 64 5
44 65 7
44 66 11
44 67 9
44 68 9
44 69 9
44 70 8
44 71 4
44 72 9
44 73 7
44 74 6
44 75 7
44 76 6
44 77 6
44 78 5
44 79 3
45 46 4
45 47 3
45 48 4
45 49 3
45 50 1
45 51 1
45 52 4
45 53 4
45 54 6
45 55 5
45 56 4
45 57 1
45 58 7
45 59 2
45 60 5
45 61 5
45 62 3
45 63 1
45 64 4
45 65 2
45 66 4
45 67 4
45 68 7
45 69 2
45 70 2
45 71 5
45 72 4
45 73 4
45 74 1
45 75 3
45 76 3
45 77 3
45 78 2
45 79 1
46 47 9
46 48 8
46 49 4
46 50 7
46 51 6
46 52 7
46 53 8
46 54 8
46 55 5
46 56 10
46 57 10
46 58 5
46 59 7
46 60 7
46 61 2
46 62 10
46 63 4
46 64 9
46 65 9
46 66 11
46 67 10
46 68 8
46 69 9
46 70 9
46 71 10
46 72 8
46 73 8
46 74 9
46 75 8
46 76 6
46 77 8
46 78 7
46 79 7
47 48 6
47 49 4
47 50 5
47 51 10
47 52 5
47 53 5
47 54 9
47 55 3
47 56 7
47 57 7
47 58 8
47 59 3
47 60 6
47 61 1
47 62 7
47 63 3
47 64 8
47 65 5
47 66 8
47 67 7
47 68 8
47 69 8
47 70 7
47 71 9
47 72 6
47 73 8
47 74 5
47 75 8
47 76 7
47 77 7
47 78 4
47 79 7
48 49 8
48 50 5
48 51 4
48 52 10
48 53 10
48 54 6
48 55 2
48 56 3
48 57 9
48 58 5
48 59 10
48 60 11
48 61 5
48 62 9
48 63 2
48 64 3
48 65 8
48 66 12
48 67 8
48 68 7
48 69 10
48 70 10
48 71 4
48 72 13
48 73 5
48 74 8
48 75 7
48 76 4
48 77 5
48 78 3
48 79 4
49 50 4
49 51 4
49 52 6
49 53 8
49 54 5
49 55 1
49 56 1
49 57 4
49 58 2
49 59 6
49 60 7
49 61 3
49 62 5
49 63 2
49 64 4
49 65 8
49 66 7
49 67 5
49 68 4
49 69 7
49 70 8
49 71 3
49 72 6
49 73 3
49 74 4
49 75 4
49 76 5
49 77 3
49 78 3
49 79 4
50 51 3
50 52 5
50 53 9
50 54 7
50 55 3
50 56 1
50 57 9
50 58 2
50 59 6
50 60 5
50 62 7
50 63 3
50 64 7
50 65 6
50 66 8
50 67 6
50 68 2
50 69 7
50 70 10
50 71 5
50 72 7
50 73 4
50 74 5
50 75 5
50 76 8
50 77 3
50 78 9
50 79 3
51 52 7
51 53 3
51 54 3
51 55 1
51 56 3
51 57 6
51 58 3
51 59 3
51 60 6
51 62 4
51 63 2
51 64 3
51 65 5
51 66 6
51 67 4
51 68 4
51 69 5
51 70 6
51 71 5
51 72 3
51 73 5
51 74 5
51 75 7
51 76 6
51 77 4
51 78 4
51 79 10
52 53 7
52 54 7
52 55 3
52 56 3
52 57 11
52 58 7
52 59 10
52 60 9
52 61 4
52 62 7
52 63 2
52 64 1
52 65 6
52 66 12
52 67 7
52 68 7
52 69 7
52 70 10
52 71 8
52 72 10
52 73 5
52 74 9
52 75 8
52 76 2
52 77 4
52 78 4
52 79 6
53 54 8
53 55 3
53 56 2
53 57 7
53 58 3
53 59 7
53 60 9
53 61 3
53 62 6
53 63 3
53 64 5
53 65 9
53 66 12
53 67 9
53 68 6
53 69 9
53 70 10
53 71 4
53 72 11
53 73 3
53 74 5
53 75 5
53 76 5
53 77 2
53 78 5
53 79 3
54 55 8
54 56 6
54 57 5
54 58 7
54 59 6
54 60 8
54 61 3
54 62 5
54 63 3
54 64 9
54 65 3
54 66 8
54 67 10
54 68 10
54 69 8
54 70 6
54 71 10
54 72 8
54 73 6
54 74 3
54 75 4
54 76 6
54 77 4
54 78 6
54 79 1
55 56 5
55 57 3
55 58 5
55 59 2
55 60 3
55 61 3
55 62 3
55 63 1
55 64 6
55 65 1
55 66 4
55 67 4
55 68 7
55 69 2
55 70 2
55 71 6
55 72 3
55 73 5
55 74 1
55 75 1
55 76 4
55 77 4
55 78 3
56 57 3
56 58 6
56 59 1
56 60 3
56 61 1
56 62 4
56 63 1
56 64 7
56 65 2
56 66 4
56 67 5
56 68 9
56 69 5
56 70 3
56 71 6
56 72 4
56 73 7
56 74 6
56 75 4
56 76 2
56 77 6
56 78 2
56 79 3
57 58 4
57 59 9
57 60 6
57 61 1
57 62 11
57 63 4
57 64 5
57 65 10
57 66 11
57 67 7
57 68 4
57 69 8
57 70 10
57 71 8
57 72 8
57 73 6
57 74 10
57 75 8
57 76 6
57 77 5
57 78 6
57 79 5
58 59 4
58 60 5
58 61 4
58 62 6
58 63 1
58 64 7
58 65 3
58 66 6
58 67 6
58 68 10
58 69 5
58 70 5
58 71 9
58 72 5
58 73 8
58 74 4
58 75 5
58 76 5
58 77 7
58 78 2
58 79 5
59 60 7
59 61 3
59 62 7
59 63 3
59 64 2
59 65 6
59 66 10
59 67 7
59 68 2
59 69 8
59 70 8
59 71 6
59 72 7
59 73 3
59 74 6
59 75 5
59 76 5
59 77 4
59 78 4
59 79 3
60 61 5
60 62 9
60 63 2
60 64 4
60 65 7
60 66 10
60 67 9
60 68 8
60 69 8
60 70 9
60 71 4
60 72 9
60 73 8
60 74 5
60 75 8
60 76 5
60 77 5
60 78 6
60 79 5
61 62 2
61 64 1
61 65 1
61 66 4
61 67 3
61 68 4
61 69 2
61 70 1
61 71 2
61 72 3
61 73 1
61 74 1
61 75 1
61 76 2
61 77 2
61 78 1
62 63 2
62 64 6
62 65 9
62 66 8
62 67 7
62 68 6
62 69 7
62 70 7
62 71 7
62 72 7
62 73 10
62 74 10
62 75 9
62 76 7
62 77 6
62 78 6
62 79 5
63 64 2
63 65 8
63 66 4
63 67 4
63 68 2
63 69 3
63 70 4
63 71 3
63 72 3
63 73 2
63 74 3
63 75 5
63 76 3
63 77 1
63 78 3
63 79 1
64 65 4
64 66 4
64 67 7
64 68 10
64 69 8
64 70 4
64 71 8
64 72 3
64 73 6
64 74 3
64 75 3
64 76 10
64 77 5
64 78 6
64 79 4
65 66 11
65 67 7
65 68 4
65 69 8
65 70 9
65 71 3
65 72 9
65 73 5
65 74 10
65 75 7
65 76 5
65 77 5
65 78 6
65 79 5
66 67 10
66 68 8
66 69 10
66 70 14
66 71 7
66 72 12
66 73 6
66 74 9
66 75 8
66 76 5
66 77 5
66 78 4
66 79 5
67 68 10
67 69 11
67 70 7
67 71 5
67 72 9
67 73 3
67 74 5
67 75 5
67 76 7
67 77 3
67 78 5
67 79 3
68 69 7
68 70 6
68 71 8
68 72 8
68 73 7
68 74 3
68 75 5
68 76 5
68 77 6
68 78 3
68 79 5
69 70 11
69 71 3
69 72 11
69 73 5
69 74 9
69 75 6
69 76 8
69 77 6
69 78 6
69 79 3
70 71 5
70 72 13
70 73 6
70 74 8
70 75 9
70 76 4
70 77 5
70 78 5
70 79 6
71 72 4
71 73 8
71 74 5
71 75 6
71 76 6
71 77 5
71 78 4
71 79 6
72 73 4
72 74 8
72 75 6
72 76 3
72 77 4
72 78 6
72 79 4
73 74 5
73 75 7
73 76 4
73 77 10
73 78 4
73 79 4
74 75 7
74 76 4
74 77 4
74 78 4
74 79 4
75 76 4
75 77 6
75 78 5
75 79 9
76 77 5
76 78 7
76 79 3
77 78 4
77 79 5
78 79 4